5919202934
9493760267
2734058362
9593541656
5481229280
4731988906
9221365192
8814243617
6064003018
6704928446
3807272926
8371362274
1832523070
6718536601
8160018857
6293983465
9842388427
5389302616
7549231042
3319991111
2279328022
2826356545
5626138534
7605675752
5917784898
5959394152
8854476364
9419044607
8974338222
2000694466
9392867541
6430117303
1781741024
2279513114
1479464874
9461487667
2959359290
1937132966
5619630267
5812432702
6005788750
9220852141
5127435648
3519850410
8489435618
3365191450
7821767147
3169307057
9262837145
6298602464
6927810313
7119476192
5376509156
5663957141
4484701778
7253249254
4618096062
8891100473
1810125538
2618801020
8852609078
6309747378
7822637130
1573888150
6589531476
1541005397
1272495697
1296665277
6452572511
8655803451
1181785462
2776297928
1477852160
7838509193
6044608126
4646654441
8416296657
6544015131
5588127627
2476356734
4466027198
4386576017
1145247711
4378473350
9110522473
4248677103
8939704466
4053134716
2988335640
7348215355
4834354173
7626350610
7970149418
4252276000
5343439427
5898314834
6868946642
3075783343
4959610938
1864473878
4459081361
3353309207
5096492230
7622644078
2730030216
6322318528
3197563034
8029457305
7550603714
1606134937
1812144331
7719416068
6169401390
7534906364
9689269125
1349839975
1227291356
1592852731
9190214404
6184984788
9207693418
2730076278
1570482443
1382614793
5500449413
2527216263
9932006214
7596310211
7505062782
2451229521
2896364746
2756790230
3449083577
2690576790
1299787523
2145534378
3847427092
6308098567
2460729753
3123981475
8778402074
5699858333
6820799905
1131589190
1402231578
1598237875
2009819664
6816034394
8397849557
8107563110
4635800041
5408835347
9243749146
8510544390
1350611520
8709679248
9518671671
8833809464
1992132560
1292732422
1647909581
5410812456
5853655451
7798217824
6771010893
8930400346
8381333113
6422540278
6656662194
8709316234
6850444263
9970238880
8840534023
6176922803
1821263900
8081051552
4411868212
5810426062
2425313792
6495367683
3124590161
7008879897
9782779830
5471356165
8758724835
6644255200
9101874518
4717044920
6907900760
6277852124
3260926137
7450636207
3618720464
2280337832
5923976036
7452337620
2557780464
2343691494
4490666707
8220991574
8632121591
6123337413
4431199521
8598781275
4238889560
6998746296
7807144616
8477298823
8569990127
2190788678
6028884828
9448253208
8647516631
9724117758
6150473075
5512099952
3015733177
2972867985
4252686803
6207876542
5265394372
8777945856
1715057952
1777521212
9816182575
5374196887
9427663245
7227957318
5633044474
5615729923
5243451782
9404226340
8802206982
2237677134
1221895093
3436949628
6142655726
3142676865
1464738367
1177398106
1278854812
8950354087
2594635881
4483455560
5850491910
3298083390
2177449471
1469752408
9785027680
1631315377
9638994451
1085254061
2808831618
8471747375
2477011840
6631583710
4622686424
5401618440
6819148320
2085361572
9417439438
4252412504
6627726826
9337841203
4655586750
4236249014
9102086967
6715124512
1294567292
9008242368
2079278958
5392236684
5877548591
9898112513
9483888594
6564342203
2167489217
5799326672
3127778873
5488383093
3250253604
6454054828
7410526403
3758421351
3282565004
4122218767
6721334696
2427965283
2310576113
8872916604
5593206738
4842562416
9834836833
1986504527
8910155825
6295940693
7047445034
6205616083
6718238600
3872976238
2917155910
5823401215
5441188768
8092772934
6548236134
9847265485
5551434614
4215131963
1488841032
4726390033
7997282236
2323694571
9914696567
4381317264
7937042382
2549037261
3863868647
2523877228
8580886235
1045003324
7948399616
3505742540
9191207881
2581548884
2218593518
4183888167
4542278716
7867388037
1105732006
8541239857
8389969478
8965714706
2619000877
6050792037
7752327482
1416286002
8222410812
9021476073
9051784471
5927146273
1067490215
3414058856
6419780691
4749272756
6507533781
2865357478
1714584724
6097425261
1069189212
1909044912
1053089130
2230481222
5307158406
4631333651
4907365981
3054536881
5217800754
1249813693
2066760302
5362054123
6137414003
1353730982
7016306366
3070338847
3300979034
9793983560
2532243454
2072625914
6487144834
4461118462
2545417672
5565058362
6425239156
4439610641
2573345816
9962836817
6890083735
4276704268
1271726734
8768822854
5660395801
2354099661
8906179517
4007878213
7766557578
2600763724
5794988858
9090219288
3703534568
6035149043
5023641443
2217069073
9534723818
1875098990
6981932252
7691887750
7062514322
6203724403
4524422701
7750463344
2491338751
9429528722
1805033290
1773143652
1259000457
2029065755
3086549448
9992489306
4962055615
7310410468
2075823880
1059632577
3551029830
7185723744
4585455993
4082618970
1221255714
9191193318
2572729187
2000016396
8675106208
1242629617
8856588303
6403070527
8681410003
1865002328
3063437298
5169689955
3107827993
1884193680
1602539302
7523540055
8851971550
9819253837
7721799721
8381529085
7347046404
1463437476
4944714588
2102966032
7567799664
8392302672
6439263204
7003671354
6712555126
6387155488
4119530338
1248324317
3987115155
5012118896
5530833406
5984325221
9166311642
3833108824
6819142174
4830454724
7858987303
5016998282
4335568093
3083613105
9652188920
4299250771
5676705012
1256918165
1560351545
1558302947
3211604223
1812444512
9455258984
2484981658
1396163982
8201886181
4402557777
3085231386
2425713750
4578420702
5080607986
5004437423
1026577357
5793060727
9707451876
3911623510
5437392285
8538769804
5151681748
3431807462
4880970441
9755626194
6152986647
1364793506
4077478332
8660314918
7828162934
5178684643
4599720040
1013230862
6888364620
1016395654
4121303741
3486471288
6243380145
9703446717
5858471395
4246002077
9918712347
5495321341
5756376128
8111276652
8461246713
6552668134
8220584756
4905590632
2259285393
9382626968
6444591027
6860451733
4452731907
8734563967
9634115480
6187247732
3359204990
4688492804
3678978000
3179492426
1591863845
8924465218
4073322436
5458932123
8294726578
1411213620
2134973945
9228792850
7171261917
7002323800
3824710761
2647449433
6232037464
4678220994
2716232184
6685799647
7437202250
5422250838
9917603424
9081621997
6659588781
6969135266
4994959017
9254199066
1644212981
3914084911
7199245301
7292490536
5889955415
8920850496
9546784052
6380132158
5629202288
7016992138
6554438133
1270546883
6331230395
1214649978
6680160350
8675444654
2405116078
3945096741
3769706891
8679997230
3027947854
2045352534
1060296537
1547965115
6274127944
6285144257
3541997053
8530058680
4971538605
1672490608
4727619826
9538817270
1960360286
4026193892
5131903673
1803284027
5680317258
7553519778
3010770304
5866760527
6262136420
6421345194
8161431085
9540920458
6548998954
5559058904
5834127088
4679564438
4723763897
1181492202
7056284518
3885298178
7467749642
3770162317
8919864505
7512412572
1826849360
7501111873
5632692183
1579250574
5210765657
1357621942
4384540947
6453338495
9201144112
2416082753
2328759298
9422565836
4094385577
4043302484
9230217093
3515693055
3354921874
3993534614
4580353266
6185469261
7404732882
9643506338
8230107973
5717641920
1424887126
9853729024
4841519245
1479137351
3094889903
4194370627
4708764214
9368696183
7445614387
2523972726
3749428644
5083243117
2251603628
9159294566
3716784621
5063272502
4638519421
8124560662
3933856956
1230532095
8831522128
4218399630
4100061557
7881284841
7220361506
5886750464
5971194646
4348430516
6166961638
9140019473
3963556012
9295768651
5231276997
8002769481
1982987154
2757684012
9741206831
5234221415
6029604337
8287534884
4882343518
8307851130
7379009077
1828027553
1733340244
6888360160
9390757145
9166855352
6922676425
2294304398
9244866643
9090886974
3832604146
8684661066
1157147580
8602180841
8526055818
1957613277
6874133008
1809112110
4822293615
1599836945
6498393080
3355888593
6197084697
4974567725
4945014812
7503740256
8433179860
8786733067
3580026354
5227061818
4196879430
3713426044
8841549417
4937790991
7966466515
1438006851
4894459042
4701301072
5988289947
2576108935
8619333794
1057093333
9186275663
5231835785
3486475992
4807565714
2200652013
3172423855
1115784398
9388143047
6981665390
5859658768
4573260790
3682047464
4614071307
6826321321
9704928987
6392991622
1298179456
9135947384
3058952720
2339075057
4663237048
2914182097
7196727948
5281166458
2838927527
8190009034
1443734873
6149050014
4960769590
1535136374
7380929283
8778621786
6035196197
6239821181
9627453896
6523412865
2340095336
7013412756
5715452890
7353722601
5786592542
9447896563
4107769526
1306643036
7917857583
8732719896
7659307340
9400256931
8470717220
3359180358
4072838054
4375287037
9675854124
2802658814
5150036690
8877482410
5722371591
7420977964
7888523968
3944019631
8062509854
4057166650
4725699834
2907201750
5482291703
5084914010
1480145585
9078736212
3113878152
7884990872
3791380362
9827871163
7815418757
5990923111
7108749492
8916675534
9594174213
5392196201
9530227777
2205738450
1998695886
1733271760
6041918470
2093574720
5655840025
2396701183
5959029973
2303013691
7378400486
8708610788
9619109326
1877855074
8519140547
1754847455
8628317111
2503071018
9497004261
4546059816
4211521738
3511838384
2671290226
7519999520
4466996467
3192680096
2989566762
5619323048
8576499456
8259996430
4085112105
1433175226
6271518670
1601271337
1749659205
2140835625
5106462244
9664229590
3957227200
4245708823
1339575586
8097230582
2864820307
7337941353
1472368496
9506177590
3465775683
1373944202
5748328777
4441224906
7821541922
9211103214
2161710112
4976562311
9047668540
7385959903
3777169253
1496561170
6479787944
9374141866
2411037886
5551560362
1695371802
3820325184
1975009173
2896574584
9317042132
9476509186
9033018643
3076207818
1773220133
6836887200
4372104380
5169049047
6441890016
3707590117
2638023017
7554836330
8853264482
8199589787
3336407681
2817667811
1877129094
8883037376
7750244890
9148539786
1070647527
1091323582
8574454507
2860497175
1612411808
1613136972
5318352456
5879672727
7498513144
5260806437
1776778521
8325500231
4926420850
1053204511
7120669506
2543379886
6042445720
6001496418
1407859545
2203080931
3478572848
4736013533
8564888991
3326156956
2354441218
9462535018
8140602420
8355661980
1670255864
6986254960
4382317200
2631442728
6266409214
2791722112
6435346121
8884291827
8775597155
5417027050
8716649863
5612242168
9243207011
3610522314
8763406751
1452283277
7341762197
9008356888
3107277661
1910781287
3355203191
5321102041
2975147966
3065884130
1358784865
7267754965
5867126646
5105192571
1270374510
2745398153
5312586426
4811978454
4698928741
3972797040
6355024984
9363232188
7765932697
3596217423
7566526122
8052819366
1325580835
2995741867
2642606102
2803028637
1259483012
3280368923
2878224162
2577792635
7771674751
4710175996
3075738375
6060861475
1859714048
8533824823
4685589165
8212212096
8387646286
8479693532
5230490245
5565972845
5436618076
6388915090
9313909758
4383146076
1858920453
7728603906
1763622721
2022409043
4211244312
8973551485
5711114014
4142274952
1492928585
9094673134
8657616525
7597894357
8364981361
7642484587
9827561630
7145780170
2775657660
8163895208
3360228183
5319734873
1168372225
2940590601
2140365825
7091264167
3697730998
7287295508
2318578463
1177754923
3129460801
6898189784
6822246815
4111702255